index,connect
0,1309.0
1,935.0
2,844.0
3,353.0
4,224.0
5,217.0
6,223.0
7,180.0
8,156.0
9,392.0
10,440.0
11,325.0
12,677.0
13,516.0
14,791.0
15,714.0
16,834.0
17,452.0
18,441.0
19,408.0
20,933.0
21,1264.0
22,1653.0
23,1848.0
24,2659.0
25,2250.0
26,986.0
27,1573.0
28,3190.0
29,4152.0
30,4228.0
31,4895.0
32,4923.0
33,3805.0
34,2855.0
35,2937.0
36,3266.0
37,3354.0
38,3042.0
39,2403.0
40,2125.0
41,2092.0
42,1908.0
43,2020.0
44,2122.0
45,3326.0
46,2615.0
47,3113.0
48,2429.0
49,1612.0
50,1621.0
51,4830.0
52,3383.0
53,3621.0
54,3718.0
55,2418.0
56,1624.0
57,3344.0
58,2332.0
59,2113.0
60,2032.0
61,2355.0
62,1206.0
63,788.0
64,1841.0
65,1244.0
66,1170.0
67,1256.0
68,2798.0
69,3006.0
70,1781.0
71,1487.0
72,1599.0
73,1551.0
74,1441.0
75,1442.0
76,1401.0
77,1337.0
78,1807.0
79,1713.0
80,1852.0
81,882.0
82,1658.0
83,1966.0
84,2391.0
85,2258.0
86,1721.0
87,1732.0
88,1902.0
89,2501.0
90,2760.0
91,2045.0
92,881.0
93,1098.0
94,557.0
95,455.0
96,1741.0
97,315.0
98,273.0
99,629.0
100,572.0
101,315.0
102,231.0
103,164.0
104,286.0
105,427.0
106,302.0
107,353.0
108,259.0
109,278.0
110,651.0
111,699.0
112,359.0
113,483.0
114,523.0
115,400.0
116,277.0
117,758.0
118,639.0
119,1322.0
120,1763.0
121,1667.0
122,2362.0
123,2261.0
124,3072.0
125,3504.0
126,5105.0
127,2184.0
128,1704.0
129,2428.0
130,1967.0
131,2082.0
132,1721.0
133,1571.0
134,2815.0
135,3314.0
136,1897.0
137,2039.0
138,4579.0
139,4793.0
140,3220.0
141,3938.0
142,3029.0
143,3171.0
144,2458.0
145,4325.0
146,2688.0
147,3223.0
148,2814.0
149,2566.0
150,2915.0
151,3080.0
152,2802.0
153,2113.0
154,1758.0
155,3171.0
156,2663.0
157,30.0
158,46.0
159,58.0
160,24.0
161,21.0
162,56.0
163,17.0
164,9.0
165,79.0
166,2258.0
167,3791.0
168,4620.0
169,4818.0
170,5967.0
171,6549.0
172,5781.0
173,6395.0
174,6861.0
175,7055.0
176,5505.0
177,5020.0
178,7206.0
179,6936.0
180,7078.0
181,8744.0
182,8646.0
183,7402.0
184,7659.0
185,8035.0
186,8387.0
187,7545.0
188,3915.0
189,3162.0
190,3025.0
191,3229.0
192,2993.0
193,2941.0
194,2444.0
195,2284.0
196,2370.0
197,1449.0
198,837.0
199,1364.0
200,955.0
201,804.0
202,638.0
203,807.0
204,722.0
205,625.0
206,900.0
207,794.0
208,804.0
209,779.0
210,799.0
211,882.0
212,804.0
213,840.0
214,1222.0
215,1669.0
216,2652.0
217,2006.0
218,2466.0
219,2972.0
220,3784.0
221,3942.0
222,3717.0
223,4322.0
224,5035.0
225,4246.0
226,5107.0
227,5039.0
228,5330.0
229,6077.0
230,7015.0
231,5936.0
232,6434.0
233,7888.0
234,6747.0
235,6436.0
236,5850.0
237,6824.0
238,7167.0
239,7575.0
240,6527.0
241,6623.0
242,6230.0
243,6752.0
244,9423.0
245,6594.0
246,5725.0
247,6024.0
248,6131.0
249,6491.0
250,6379.0
251,4941.0
252,6753.0
253,5297.0
254,5423.0
255,5233.0
256,6357.0
257,6449.0
258,4686.0
259,4893.0
260,4464.0
261,3408.0
262,4295.0
263,4224.0
264,6003.0
265,3579.0
266,3595.0
267,3538.0
268,3289.0
269,3932.0
270,5196.0
271,5450.0
272,6628.0
273,7094.0
274,6814.0
275,8121.0
276,8611.0
277,9176.0
278,10304.0
279,10284.0
280,10480.0
281,7867.0
282,8924.0
283,7340.0
284,4888.0
285,3694.0
286,3733.0
287,3348.0
288,6542.0
289,4611.0
290,3783.0
291,3752.0
292,2269.0
293,2536.0
294,1960.0
295,1033.0
296,991.0
297,1603.0
298,1897.0
299,1363.0
300,1116.0
301,1235.0
302,772.0
303,1185.0
304,943.0
305,936.0
306,841.0
307,814.0
308,1101.0
309,1080.0
310,2321.0
311,2016.0
312,2910.0
313,3665.0
314,4678.0
315,3921.0
316,5074.0
317,3962.0
318,3739.0
319,4777.0
320,5374.0
321,5279.0
322,5386.0
323,5185.0
324,5770.0
325,7925.0
326,7461.0
327,7296.0
328,6638.0
329,6517.0
330,6410.0
331,6123.0
332,6023.0
333,7025.0
334,5648.0
335,6206.0
336,7187.0
337,8257.0
338,8563.0
339,7197.0
340,7059.0
341,7591.0
342,8602.0
343,11877.0
344,7795.0
345,8378.0
346,8070.0
347,6564.0
348,7892.0
349,7386.0
350,7978.0
351,8018.0
352,7892.0
353,6640.0
354,9005.0
355,9441.0
356,8133.0
357,9260.0
358,8539.0
359,9871.0
360,10139.0
361,9112.0
362,9504.0
363,8714.0
364,6896.0
365,5748.0
366,7064.0
367,8235.0
368,8448.0
369,7746.0
370,9414.0
371,10073.0
372,11304.0
373,10194.0
374,9754.0
375,11215.0
376,10594.0
377,9926.0
378,9537.0
379,7389.0
380,4569.0
381,3774.0
382,2355.0
383,2021.0
384,3056.0
385,2502.0
386,2141.0
387,2353.0
388,1619.0
389,1455.0
390,1263.0
391,1365.0
392,1270.0
393,937.0
394,1306.0
395,1393.0
396,1230.0
397,963.0
398,733.0
399,753.0
400,838.0
401,563.0
402,784.0
403,768.0
404,1236.0
405,1890.0
406,2772.0
407,2553.0
408,4460.0
409,2861.0
410,3340.0
411,4405.0
412,4553.0
413,6090.0
414,7022.0
415,8288.0
416,10858.0
417,10051.0
418,8993.0
419,11337.0
420,12742.0
421,9528.0
422,10170.0
423,10500.0
424,11306.0
425,9459.0
426,9350.0
427,10178.0
428,10745.0
429,8848.0
430,8391.0
431,9964.0
432,9749.0
433,9881.0
434,9213.0
435,8940.0
436,9636.0
437,8700.0
438,6689.0
439,8357.0
440,8603.0
441,6477.0
442,7681.0
443,11272.0
444,9425.0
445,8920.0
446,8911.0
447,9217.0
448,8931.0
449,6337.0
450,15590.0
451,9183.0
452,6649.0
453,8759.0
454,9074.0
455,6997.0
456,6497.0
457,7007.0
458,6433.0
459,3799.0
460,3130.0
461,4955.0
462,4846.0
463,7475.0
464,10115.0
465,9564.0
466,10686.0
467,8864.0
468,9651.0
469,9036.0
470,11025.0
471,12080.0
472,11256.0
473,9978.0
474,9081.0
475,7352.0
476,3413.0
477,2145.0
478,2136.0
479,2543.0
480,2837.0
481,2798.0
482,1919.0
483,2259.0
484,1056.0
485,935.0
486,1053.0
487,1069.0
488,1044.0
489,857.0
490,895.0
491,978.0
492,1167.0
493,831.0
494,1060.0
495,805.0
496,779.0
497,1052.0
498,1313.0
499,934.0
500,938.0
501,1576.0
502,1528.0
503,2521.0
504,3827.0
505,3579.0
506,4371.0
507,3531.0
508,5520.0
509,6542.0
510,8097.0
511,10210.0
512,12123.0
513,10870.0
514,8613.0
515,9542.0
516,10223.0
517,8155.0
518,7948.0
519,11053.0
520,9726.0
521,9271.0
522,11412.0
523,12029.0
524,11029.0
525,9710.0
526,10094.0
527,10129.0
528,9239.0
529,9644.0
530,10679.0
531,10028.0
532,10622.0
533,11962.0
534,9209.0
535,9854.0
536,10005.0
537,10066.0
538,11529.0
539,12140.0
540,11774.0
541,11531.0
542,9632.0
543,8968.0
544,10024.0
545,9193.0
546,10735.0
547,10616.0
548,9706.0
549,10974.0
550,9821.0
551,11004.0
552,10279.0
553,8402.0
554,8945.0
555,8817.0
556,9148.0
557,8268.0
558,7361.0
559,9671.0
560,10810.0
561,11564.0
562,11282.0
563,10444.0
564,9160.0
565,8954.0
566,9350.0
567,11633.0
568,9686.0
569,9263.0
570,9979.0
571,8516.0
572,4714.0
573,3360.0
574,3312.0
575,2503.0
