188,16,17996,26562,58
195,85,17996,26562,188
207,33,17996,26562,902
340,22,17996,26562,40
444,11,17996,26562,16
445,80,17996,26562,325
505,58,17996,26562,323
626,2,17996,26562,43
673,61,17996,26562,548
786,36,17996,26562,501
943,37,17996,26562,977
1061,18,17996,26562,60
1077,87,17996,26562,287
1086,20,17996,26562,143
1119,84,17996,26562,95
1120,15,17996,26562,99
1320,91,17996,26562,72
1360,4,17996,26562,14
1388,51,17996,26562,291
1625,64,17996,26562,384
1653,79,17996,26562,144
1794,3,17996,26562,43
1916,13,17996,26562,81
1995,71,17996,26562,400
2055,31,17996,26562,607
2125,73,17996,26562,432
2180,65,17996,26562,408
2187,7,17996,26562,20
2213,54,17996,26562,821
2278,14,17996,26562,24
2352,8,17996,26562,19
2470,32,17996,26562,1194
2508,81,17996,26562,337
2574,41,17996,26562,692
2683,62,17996,26562,372
2820,63,17996,26562,453
2893,38,17996,26562,875
2999,27,17996,26562,154
3038,12,17996,26562,58
3056,59,17996,26562,880
3080,90,17996,26562,62
3271,86,17996,26562,181
3277,17,17996,26562,33
3359,5,17996,26562,30
3550,28,17996,26562,149
3827,35,17996,26562,661
3987,93,17996,26562,39
3998,24,17996,26562,37
4186,49,17996,26562,308
4225,1,17996,26562,58
4356,39,17996,26562,1005
4494,46,17996,26562,873
4509,60,17996,26562,626
4541,55,17996,26562,678
4568,40,17996,26562,573
4682,88,17996,26562,188
4685,19,17996,26562,53
4739,74,17996,26562,339
4822,34,17996,26562,500
5022,68,17996,26562,892
5041,82,17996,26562,191
5087,45,17996,26562,843
5101,30,17996,26562,478
5216,42,17996,26562,901
5228,89,17996,26562,87
5425,29,17996,26562,385
5457,69,17996,26562,427
5487,83,17996,26562,113
6197,95,17996,26562,5
6207,26,17996,26562,168
6215,75,17996,26562,412
6440,72,17996,26562,678
6599,52,17996,26562,418
6863,77,17996,26562,286
6917,47,17996,26562,644
7074,76,17996,26562,296
7122,56,17996,26562,567
7575,10,17996,26562,24
7714,57,17996,26562,332
7847,78,17996,26562,314
7953,43,17996,26562,1056
8116,44,17996,26562,1084
8141,9,17996,26562,37
8367,25,17996,26562,108
8374,94,17996,26562,21
8589,21,17996,26562,544
8640,48,17996,26562,441
8679,0,17996,26562,319
8880,53,17996,26562,533
8944,70,17996,26562,1125
9039,66,17996,26562,847
9098,92,17996,26562,43
9103,23,17996,26562,205
9155,67,17996,26562,818
9278,6,17996,26562,25
9342,50,17996,26562,279
46,97,17996,26562,20
73,170,17996,26562,7933
165,171,17996,26562,7819
350,156,17996,26562,467
425,157,17996,26562,310
487,113,17996,26562,26
624,122,17996,26562,419
764,186,17996,26562,5771
1152,96,17996,26562,18
1190,162,17996,26562,215
1201,136,17996,26562,721
1342,131,17996,26562,481
1389,137,17996,26562,485
1391,163,17996,26562,26
1428,169,17996,26562,6330
1515,99,17996,26562,19
1609,174,17996,26562,12796
1667,147,17996,26562,429
1915,135,17996,26562,989
1934,109,17996,26562,26
1961,165,17996,26562,126
2032,117,17996,26562,21
2044,143,17996,26562,308
2051,148,17996,26562,254
2175,184,17996,26562,8438
2250,183,17996,26562,9339
2417,115,17996,26562,22
2504,112,17996,26562,28
2649,159,17996,26562,148
2748,100,17996,26562,16
2796,166,17996,26562,1065
2835,104,17996,26562,13
3061,125,17996,26562,337
3107,146,17996,26562,501
3178,127,17996,26562,822
3181,153,17996,26562,362
3326,187,17996,26562,5236
3371,124,17996,26562,472
3562,126,17996,26562,765
3574,152,17996,26562,202
3762,101,17996,26562,16
3974,111,17996,26562,31
4003,189,17996,26562,1859
4019,150,17996,26562,637
4128,114,17996,26562,24
4198,168,17996,26562,6222
4650,98,17996,26562,108
4663,177,17996,26562,10861
4718,106,17996,26562,26
4858,182,17996,26562,7854
5226,132,17996,26562,1233
5309,140,17996,26562,3038
5351,141,17996,26562,683
5398,149,17996,26562,412
5491,158,17996,26562,277
5659,155,17996,26562,449
5767,139,17996,26562,539
5924,175,17996,26562,13571
5949,188,17996,26562,3282
5970,105,17996,26562,31
6119,128,17996,26562,944
6131,154,17996,26562,789
6167,167,17996,26562,4088
6178,123,17996,26562,222
6541,120,17996,26562,68
6577,161,17996,26562,94
6636,129,17996,26562,637
6702,176,17996,26562,10609
6823,173,17996,26562,12340
6867,181,17996,26562,8486
6912,142,17996,26562,325
6921,116,17996,26562,28
6972,190,17996,26562,1637
6989,151,17996,26562,426
7079,160,17996,26562,82
7194,172,17996,26562,9301
7269,133,17996,26562,900
7346,110,17996,26562,27
7583,130,17996,26562,473
7665,178,17996,26562,9316
8217,108,17996,26562,112
8227,134,17996,26562,472
8375,145,17996,26562,260
8387,119,17996,26562,35
8390,185,17996,26562,7355
8699,180,17996,26562,9088
8848,144,17996,26562,361
8859,118,17996,26562,120
9067,164,17996,26562,13
9082,138,17996,26562,463
9200,107,17996,26562,488
9271,179,17996,26562,9900
9315,102,17996,26562,15
9361,103,17996,26562,22
9470,191,17996,26562,1355
9491,121,17996,26562,82
27,227,17996,26562,13656
60,285,17996,26562,4270
242,231,17996,26562,11744
448,259,17996,26562,9426
466,245,17996,26562,14737
516,246,17996,26562,13665
761,275,17996,26562,13077
1000,241,17996,26562,15731
1022,212,17996,26562,1381
1223,260,17996,26562,11452
1256,263,17996,26562,11648
1326,213,17996,26562,1387
1469,267,17996,26562,8132
1483,261,17996,26562,11849
1678,242,17996,26562,14306
1784,214,17996,26562,1706
1972,230,17996,26562,11001
2107,216,17996,26562,2254
2196,217,17996,26562,2115
2275,287,17996,26562,2530
2660,258,17996,26562,10315
2834,207,17996,26562,876
3108,218,17996,26562,3245
3115,195,17996,26562,2185
3179,248,17996,26562,13800
3196,251,17996,26562,12014
3337,269,17996,26562,6879
3366,206,17996,26562,931
3395,210,17996,26562,991
3467,193,17996,26562,1730
3579,279,17996,26562,8306
3692,201,17996,26562,867
3705,280,17996,26562,8993
3764,239,17996,26562,14410
3834,281,17996,26562,9941
3880,233,17996,26562,13118
3901,273,17996,26562,15814
3934,197,17996,26562,1604
4012,202,17996,26562,1007
4107,198,17996,26562,910
4142,238,17996,26562,12226
4179,250,17996,26562,12974
4282,226,17996,26562,11348
4465,271,17996,26562,11952
4610,265,17996,26562,8140
4680,270,17996,26562,11097
4910,253,17996,26562,14562
5031,256,17996,26562,14092
5042,205,17996,26562,867
5245,249,17996,26562,13071
5375,225,17996,26562,11406
5401,264,17996,26562,10744
5649,257,17996,26562,13093
5750,220,17996,26562,6128
5770,278,17996,26562,10745
5788,221,17996,26562,6834
5872,196,17996,26562,1559
5945,268,17996,26562,7818
5986,199,17996,26562,862
6019,262,17996,26562,12115
6196,266,17996,26562,7063
6275,286,17996,26562,3040
6340,215,17996,26562,2144
6347,254,17996,26562,11260
6385,243,17996,26562,14029
6419,282,17996,26562,9345
6665,234,17996,26562,14038
6741,236,17996,26562,14497
6800,222,17996,26562,8848
6826,223,17996,26562,10237
6879,224,17996,26562,10480
7192,240,17996,26562,13618
7313,228,17996,26562,12157
7507,204,17996,26562,1110
7569,219,17996,26562,4800
7587,283,17996,26562,8549
7675,247,17996,26562,13782
7781,211,17996,26562,1136
7865,237,17996,26562,15320
8055,252,17996,26562,12344
8104,229,17996,26562,12454
8386,277,17996,26562,12626
8478,194,17996,26562,1830
8496,232,17996,26562,14005
8528,208,17996,26562,800
8585,272,17996,26562,13058
8629,274,17996,26562,12502
8698,203,17996,26562,1133
8774,200,17996,26562,837
8824,284,17996,26562,5320
9007,255,17996,26562,13244
9137,276,17996,26562,14122
9162,192,17996,26562,1907
9171,244,17996,26562,14076
9395,209,17996,26562,759
9413,235,17996,26562,14253
150,311,17996,26562,2283
247,343,17996,26562,17737
455,295,17996,26562,1695
490,364,17996,26562,17386
519,341,17996,26562,18179
576,338,17996,26562,15690
671,313,17996,26562,3111
718,320,17996,26562,11125
799,352,17996,26562,17648
848,315,17996,26562,6769
923,344,17996,26562,17040
950,334,17996,26562,13921
972,378,17996,26562,10957
1139,333,17996,26562,16115
1240,365,17996,26562,15418
1385,346,17996,26562,17531
1399,373,17996,26562,20024
1538,375,17996,26562,15630
1584,362,17996,26562,19965
1599,372,17996,26562,19397
1681,329,17996,26562,11215
1740,377,17996,26562,13369
1790,354,17996,26562,17906
1969,336,17996,26562,16759
2008,360,17996,26562,21642
2168,290,17996,26562,3404
2185,379,17996,26562,10105
2325,367,17996,26562,20845
2410,307,17996,26562,1765
2777,349,17996,26562,18188
2826,319,17996,26562,10735
2893,327,17996,26562,12776
3031,288,17996,26562,3102
3068,350,17996,26562,17390
3189,332,17996,26562,14658
3226,305,17996,26562,1198
3318,347,17996,26562,16335
3333,289,17996,26562,2444
3487,323,17996,26562,11840
3608,382,17996,26562,4278
3730,371,17996,26562,18884
3812,318,17996,26562,8249
3840,316,17996,26562,7838
3929,293,17996,26562,2099
4161,317,17996,26562,7899
4200,314,17996,26562,3977
4226,304,17996,26562,1088
4277,294,17996,26562,2098
4563,312,17996,26562,4192
4669,381,17996,26562,5625
4733,328,17996,26562,12952
4742,308,17996,26562,2110
4790,363,17996,26562,17018
5121,358,17996,26562,19835
5263,356,17996,26562,20697
5344,300,17996,26562,1156
5419,340,17996,26562,17871
5465,345,17996,26562,16845
5482,335,17996,26562,18132
5553,330,17996,26562,13374
5576,339,17996,26562,16666
5814,298,17996,26562,1968
5883,380,17996,26562,6268
6312,325,17996,26562,11529
6332,303,17996,26562,1307
6532,292,17996,26562,2335
6573,337,17996,26562,16291
6760,324,17996,26562,12406
6867,368,17996,26562,20429
6933,321,17996,26562,10912
6980,299,17996,26562,1851
7020,376,17996,26562,14627
7084,309,17996,26562,2363
7122,383,17996,26562,4136
7194,291,17996,26562,2576
7215,359,17996,26562,20675
7235,326,17996,26562,12134
7376,357,17996,26562,19420
7427,302,17996,26562,1094
7455,296,17996,26562,1580
7654,361,17996,26562,20889
7751,351,17996,26562,15998
7860,331,17996,26562,14477
8203,297,17996,26562,2011
8219,301,17996,26562,1200
8239,366,17996,26562,17959
8573,306,17996,26562,1022
8760,353,17996,26562,17945
8770,370,17996,26562,17415
8834,310,17996,26562,2141
8883,355,17996,26562,18756
8941,342,17996,26562,18032
8981,322,17996,26562,11659
9097,374,17996,26562,16970
9166,348,17996,26562,18075
9508,369,17996,26562,21740
11,416,17996,26562,13872
88,409,17996,26562,5966
627,464,17996,26562,17731
632,432,17996,26562,16045
676,394,17996,26562,3351
810,410,17996,26562,4293
817,453,17996,26562,11508
1452,458,17996,26562,12255
1469,451,17996,26562,13172
1487,436,17996,26562,18500
1626,434,17996,26562,16195
1718,407,17996,26562,4532
1738,426,17996,26562,15958
1807,389,17996,26562,4854
1814,477,17996,26562,3316
1826,391,17996,26562,4277
1830,479,17996,26562,2794
2063,420,17996,26562,12620
2178,471,17996,26562,12245
2182,384,17996,26562,7191
2209,427,17996,26562,15447
2232,463,17996,26562,18786
2486,386,17996,26562,4626
2551,470,17996,26562,13846
2667,472,17996,26562,12483
2672,404,17996,26562,3581
2730,388,17996,26562,4498
2733,476,17996,26562,5572
2764,459,17996,26562,8421
2902,402,17996,26562,3581
2943,450,17996,26562,11036
3053,429,17996,26562,14854
3079,396,17996,26562,3757
3138,385,17996,26562,5667
3153,461,17996,26562,10320
3333,448,17996,26562,16714
3340,400,17996,26562,3718
3352,455,17996,26562,13502
3570,417,17996,26562,14406
3651,475,17996,26562,8449
3709,442,17996,26562,16942
3825,465,17996,26562,17610
3910,439,17996,26562,16410
3986,418,17996,26562,13846
4257,452,17996,26562,11109
4516,425,17996,26562,16864
4564,424,17996,26562,15760
4570,468,17996,26562,15327
4721,412,17996,26562,10099
4945,474,17996,26562,8176
4965,445,17996,26562,16611
4994,413,17996,26562,9358
5334,467,17996,26562,14435
5338,415,17996,26562,12799
5436,449,17996,26562,11322
5467,397,17996,26562,3570
5631,419,17996,26562,13670
6113,431,17996,26562,16524
6168,403,17996,26562,4080
6367,428,17996,26562,17402
6729,466,17996,26562,17340
6744,414,17996,26562,11394
6778,408,17996,26562,5904
6803,392,17996,26562,3834
6963,406,17996,26562,4569
7021,401,17996,26562,3639
7120,423,17996,26562,15292
7132,454,17996,26562,11728
7407,446,17996,26562,17469
7464,447,17996,26562,18622
7654,444,17996,26562,20236
7660,460,17996,26562,8134
7747,437,17996,26562,17077
7795,395,17996,26562,3774
7813,411,17996,26562,6562
8013,430,17996,26562,15480
8026,390,17996,26562,4553
8028,478,17996,26562,3196
8074,457,17996,26562,12354
8100,456,17996,26562,12606
8211,399,17996,26562,4253
8243,443,17996,26562,17361
8460,462,17996,26562,11427
8487,441,17996,26562,17703
8519,440,17996,26562,15000
8593,433,17996,26562,17425
8634,393,17996,26562,3667
8732,435,17996,26562,16129
8922,473,17996,26562,10697
8930,405,17996,26562,3510
9089,387,17996,26562,4126
9130,422,17996,26562,13865
9153,398,17996,26562,3805
9156,421,17996,26562,12827
9221,469,17996,26562,15241
9359,438,17996,26562,17869
86,501,17996,26562,2556
183,490,17996,26562,1492
285,552,17996,26562,16274
310,509,17996,26562,8704
478,516,17996,26562,15065
559,568,17996,26562,8891
943,504,17996,26562,4299
977,494,17996,26562,1111
991,528,17996,26562,12815
1094,541,17996,26562,15985
1143,566,17996,26562,10995
1178,518,17996,26562,15701
1200,551,17996,26562,18171
1259,572,17996,26562,4974
1336,484,17996,26562,2186
1341,531,17996,26562,14044
1392,480,17996,26562,3317
1409,556,17996,26562,13946
1777,508,17996,26562,7054
1992,555,17996,26562,13008
2020,525,17996,26562,15304
2068,515,17996,26562,12963
2468,573,17996,26562,2631
2505,567,17996,26562,10874
2531,532,17996,26562,15681
2541,485,17996,26562,2098
2689,492,17996,26562,1401
2722,495,17996,26562,1019
2799,522,17996,26562,14915
2847,526,17996,26562,14586
2871,482,17996,26562,2583
2903,527,17996,26562,13907
3018,506,17996,26562,5730
3079,496,17996,26562,1279
3101,574,17996,26562,2666
3208,543,17996,26562,15205
3249,547,17996,26562,17586
3472,537,17996,26562,15432
3522,564,17996,26562,13733
3654,524,17996,26562,16518
3770,571,17996,26562,7605
3899,554,17996,26562,14164
4058,544,17996,26562,17664
4073,534,17996,26562,15554
4078,487,17996,26562,1672
4140,549,17996,26562,17959
4227,550,17996,26562,17763
4439,498,17996,26562,1751
4453,545,17996,26562,17490
4552,481,17996,26562,3031
4598,499,17996,26562,1882
4611,557,17996,26562,14704
4649,502,17996,26562,2022
4702,553,17996,26562,14275
4921,561,17996,26562,15591
5028,512,17996,26562,11892
5192,493,17996,26562,1152
5360,521,17996,26562,15520
5441,535,17996,26562,16380
5454,488,17996,26562,2001
5533,505,17996,26562,4738
5566,562,17996,26562,13285
5702,536,17996,26562,15762
5705,489,17996,26562,1918
5728,491,17996,26562,1243
5983,517,17996,26562,14490
6127,511,17996,26562,12556
6472,548,17996,26562,20077
6557,539,17996,26562,15500
6749,486,17996,26562,1937
6754,533,17996,26562,15546
6798,570,17996,26562,7348
6815,507,17996,26562,6813
7050,546,17996,26562,16438
7249,483,17996,26562,2235
7258,530,17996,26562,14767
7610,529,17996,26562,15058
7826,563,17996,26562,12710
7850,523,17996,26562,14788
7877,558,17996,26562,15807
7941,540,17996,26562,16852
7971,510,17996,26562,9258
8025,569,17996,26562,8211
8278,519,17996,26562,16205
8661,520,17996,26562,14640
8713,500,17996,26562,2918
8807,538,17996,26562,17581
9031,542,17996,26562,14531
9327,513,17996,26562,13282
9393,503,17996,26562,3432
9408,560,17996,26562,17138
9434,575,17996,26562,1126
9477,565,17996,26562,11159
9514,497,17996,26562,1401
9544,559,17996,26562,16052
9581,514,17996,26562,13660
